6.274396626783413922e-01
2.294268584956284940e-01
8.824001647581695806e+00
1.571173860405394862e-01
1.629112509976607726e+00
5.303945965397360851e-02
3.951882175546558074e+00
1.244882509906204859e+00
6.354751635012405586e-01
1.733598783881689087e-01
1.297891272363131066e+00
9.336268134335057312e-01
5.277272913305921520e-01
2.958257221519033919e-02
8.167912557152590125e-02
1.848091745188185087e-03
1.927481427757129495e-01
3.960422607786938443e+00
8.551116365168809352e-02
3.268015633687184618e-01
2.078986514784077144e+00
7.820587816591739738e-01
1.610291505817542657e-01
8.513509551190452385e-01
8.768657913425386141e-01
1.369268708417052949e-01
8.068356500743334436e-02
6.236461968755975249e-01
1.667913471168844808e-01
4.594669964649256144e-02
3.735271447351692586e+00
2.435638046858912276e-02
2.737186526765356120e-01
1.880784597110050527e+00
5.138168563367742081e-01
2.845530453611218036e-01
1.634525499793426206e+00
1.637473759177140664e+00
2.193598900649703864e+00
6.433625530559083927e-02
4.126864419876596912e-02
4.190674793105131357e-02
3.722004959852540651e-01
1.631391824120441925e+00
5.906825436329370405e-01
2.312841746879058746e+00
9.077276330378936109e-02
1.982555103532490648e-02
8.963050761317106208e-01
9.633882212038713533e-01
8.062148582723693835e-04
3.099930398857566161e+00
1.705937668378112448e-01
3.270727979504783889e-01
4.724377468443208272e-02
8.755081345034909646e-02
7.394254210632311697e-02
1.087000642138491457e-02
2.265363388393097921e-01
2.907101311188284853e-01
3.267039153018913566e-02
2.918784848591826631e-01
1.136561234431809453e+00
5.094251974958297069e-02
1.198571708142225134e+00
1.442199815761966875e+00
4.701521456212560679e-01
2.692649192965745897e-04
7.506352815971695236e-02
9.047677657508756965e-02
7.556680401421544957e-05
5.395620709415140936e-01
3.258210347537925600e+00
6.403347757880055724e-01
1.386021529238803396e-01
5.649501741629592289e-03
1.980802483976162875e-02
1.860726040186676755e+00
2.487997801239316686e-03
5.865449161844367154e-01
3.286004310155021813e-03
2.912870558023143985e-01
1.136928194550449689e+00
3.643484359842261711e-01
1.018675115147601673e+00
2.082486418259094307e+00
1.421965903534214704e-01
4.923476898702290327e-01
1.717372854333831356e+00
2.254945526385824905e+00
1.599712301037698126e+00
3.118608797930278342e+00
9.517788631251278275e-02
5.791755148891496674e+00
3.345828087377782367e+00
3.748269460132291897e-01
1.218740113016309579e+00
2.878583042061052311e+00
1.484178716857513791e-01
1.417268098899171491e-02
5.216577198471554766e-01
1.682615607241189082e-01
2.583918906318530162e+00
4.951498756038290594e-01
1.771701013186373075e-01
2.822087224211600187e-02
6.346792782576926584e-02
1.585551872986457056e-02
4.117712699987521319e-01
1.685319871183025953e+00
9.948657941843350727e-01
5.822718198035659043e-01
1.083008060803365424e-01
1.296709087399477767e+00
6.581029446550701323e-02
1.455117186526422302e-02
8.595879070838918778e-03
3.696714855800564692e-02
8.189670525738392826e-01
5.507097396442190984e-01
1.654556521838912886e+00
5.526695767036926554e-02
2.327171730840461805e+00
5.458478810015776617e-02
2.954977783275637648e+00
6.559729232905056051e-01
2.599213704002067971e-05
1.280528401456137999e-01
2.770670155898642406e-01
4.139304323672376995e-02
1.126551363540670536e+00
2.302983174667502908e+00
6.219745861995420455e-01
1.671738515867048136e+00
8.575719918012794096e-01
4.605962380333323836e-01
7.500466599872481765e-01
-7.493214837950290530e-06
2.817461257760555782e+00
1.632755456730876631e-01
-7.519267174416199850e-05
1.232975616963472021e-01
8.532937141206389242e-01
2.734288751388760375e-01
4.186057361309281077e-02
1.176327143525099928e-01
8.726679045297487392e-01
1.817318823270852590e-03
4.412538529417986410e-01
1.246223393115997169e-02
2.895295415016505558e-01
9.596063484064529803e-01
2.078207824630737832e-01
3.890202158629563201e-04
1.141689800145456957e+00
8.767321464047768131e-01
3.437120125302612905e-01
2.108686401669018551e+00
1.351366537614069330e-01
4.296206931977053500e-01
4.346287427977443940e+00
5.323502092928720231e-01
1.051454847236215073e+00
5.901044886513773235e-06
7.861293816937404699e-01
1.098156503703080489e-01
8.370921528921826393e-04
1.490154374519647718e-02
1.898857543525394931e+00
1.108091649278151181e+00
2.947762908841525586e+00
3.579426037575217379e-02
4.222022256016089159e-03
1.272938531695700703e+00
1.524544515493175822e-02
1.421485823570037610e+00
3.408706975276345474e-01
5.229219791314108079e-01
2.482243523556917353e-01
7.221940121827969961e-01
4.035977242385342834e+00
8.150832793853055591e-01
2.489673680870225780e-01
2.724031507463053003e+00
1.861123852606567652e-01
1.104891613038319065e-01
1.460190427867189555e-01
1.577618381247702928e-04
8.236051970992832594e-01
2.372039943915410731e+00
1.098967336717180387e+00
9.060501273220040730e-01
2.145247328064670000e-02
2.235121108564896986e-01
7.054897988643915596e-02
4.360424296237397357e-03
1.834614063975891440e+00
6.169397171647972300e-01
5.663656452570961619e+00
8.054784597620425757e-01
