2.230310219052910270e+00
6.715768616182145934e+00
6.141425555892084276e+00
4.492803152031029867e+00
2.011829013928462473e+00
1.583283204471433692e+01
8.067336367925463492e+00
2.036414141215905715e+01
2.514668435668144753e+01
1.264196531288422420e+01
1.990154343160014605e+00
1.503801354078510144e+01
8.818177142234247867e+00
2.447494270120435544e+01
1.503342521145572164e+01
3.854513013171668945e+00
1.550885160871379753e+01
5.765495628564224262e+00
5.141120178789265083e+00
1.351927732605869892e+01
6.001272217333138315e+00
5.948961914332699052e+00
6.460300093426099011e+00
1.282938141520298814e+01
3.342538530607157554e-01
1.473121240605735238e+01
